Webots Project File version R2025a
perspectives: 000000ff00000000fd00000001000000010000011c0000030dfc0200000001fb0000001400540065007800740045006400690074006f007201000000000000030d0000004500ffffff000001bf0000030d00000001000000020000000100000008fc00000000
simulationViewPerspectives: 000000ff0000000100000002000000000000011501ffffffff010000000100
sceneTreePerspectives: 000000ff0000000100000001000000f901ffffffff010000000200
maximizedDockId: -1
centralWidgetVisible: 1
orthographicViewHeight: 1
textFiles: -1
renderingDevicePerspectives: laptop:display;0;0.591201;0.202285;0.202326
