Webots Project File version R2025a
perspectives: 000000ff00000000fd00000001000000010000011c00000475fc0200000001fb0000001400540065007800740045006400690074006f00720100000019000004750000004000ffffff000006e20000047500000001000000020000000100000008fc00000000
simulationViewPerspectives: 000000ff000000010000000200000000000001150100000002010000000100
sceneTreePerspectives: 000000ff0000000100000003000000f900000000000000000100000002010000000200
maximizedDockId: -1
centralWidgetVisible: 1
orthographicViewHeight: 1
textFiles: -1
renderingDevicePerspectives: laptop:display;0;0.591201;0.202285;0.202326
